100
453 860173
35 326721
201325 201335
125 100885
246147 246157
168068 168073
152 256270
45118 718037
267 465818
335 250585
888 478124
323 688064
638166 638171
264 231571
428234 821540
50588 212321
563258 682340
78323 78333
452 785251
454 565456
137512 221881
355582 474238
138 541865
375753 375756
320 370285
657654 783411
235165 855822
81587 250210
28 122226
403 852782
56 678188
388828 855383
282 700256
700834 700843
451 766721
564 842266
568830 568835
113 758123
870 431461
345208 628581
756051 866537
21 221761
373 688224
266457 327367
460 875168
278007 707331
865 142883
330152 330153
186 624328
1 2
3 832171
185260 185262
840 546285
756032 756037
2 3
682 328447
677 545531
761770 761773
281 803182
357452 357461
73 462685
246 528261
284232 514381
26 622123
710 821243
227738 257138
823 502433
265 230582
88 102
847 308566
441281 441286
620063 620071
78 267202
834528 834530
674 772818
317305 871414
243025 468761
586 237125
607441 852828
726 356002
1 1000000
176838 176842
780011 780013
47032 47035
357 510317
506 848046
28 680721
174 220576
77776 77777
2 681167
640 212717
461 683662
311 864150
255 257011
406501 635818
86 360824
133 885014
16 26
213 716257
337445 337448
